2.3736437621907007
2.9595522722225476
3.3511327671312143
3.652593266218681
3.876295323173651
4.062144331996374
4.2290553177583625
4.34926782882477
4.475806755852395
4.567011381400396
4.6696762096990625
4.735636417574961
4.807236100098984
4.871281812081508
4.91842356606516
4.971957464227084
5.0076455790032925
5.057456913038145
5.086715595401423
5.1220700118119575
5.1438743557561075
5.161764123017933
5.18593227974658
5.207685315765246
5.234794338507595
5.253272401276911
5.2636821334806445
5.279491132985171
5.29499956975745
5.3014343288348575
5.30861013579925
5.3143453803802645
5.3203271886423265
5.32429845566014
5.327617393591721
5.330958033067455
5.336278687512753
5.340722960048751
5.344545822871485
5.348030678929018
5.348035953196811
