source 1           69          87          88  0.646477039572334     
source 2          68         120         103  0.687331910809231     
source 3          61          79          65  0.720977691827869     
source 4          78          98         119  0.745010302555466     
source 5          74          97         123  0.783462353719616     
source 6         100          45          60  0.869979626338959     
source 7          86          10          27  0.915642027721405     
source 8          31          77          48  0.939674638449001     
source 9         104          55          62   1.21845279688911     
source 10         41          73          47   1.63902316962204     
source 11         73          89          96   1.99710825046320     
source 12         65         110          91   2.27348358883057     
source 13         77          91         106   2.38643629225025     
source 14        113          61          64   3.25881936866198     
source 15        124          62          61   5.81348456600542     
source 16         81          97         114   7.96921044127083 
