2.3776020663644646
2.964002148579054
3.356517027267413
3.6534688506022084
3.880290828175284
4.062964191827211
4.230129200239632
4.352248317766949
4.478616271402581
4.568402296660914
4.671162001348094
4.736918460118521
4.808064879386515
4.872112288810436
4.918390055749908
4.972614461303513
5.008387004720277
5.055843784867247
5.087269894024392
5.1217573869244495
5.144799507742943
5.160763365027155
5.184806097883972
5.205665262391157
5.236074944192654
5.253245053308714
5.264164666823234
5.2801819304183315
5.29351862845875
5.299193318778297
5.30867314707618
5.3144945004426765
5.319998608963911
5.323915183179587
5.327819074499651
5.331229263990284
5.335228293358219
5.338833339346111
5.342045237435628
5.345318411703503
5.345323458735431
